# M4 (GeV) Utau4^2
5.90117e+1 9.62921e-1
7.35970e+1 9.27397e-1
8.94800e+1 8.93979e-1
1.05008e+2 8.68749e-1
1.20663e+2 8.46873e-1
1.36814e+2 8.22674e-1
1.53864e+2 7.98679e-1
1.70913e+2 7.75667e-1
1.87962e+2 7.52085e-1
2.04115e+2 7.32116e-1
2.20266e+2 7.10908e-1
2.36555e+2 6.89621e-1
2.54778e+2 6.67473e-1
2.70337e+2 6.50366e-1
2.83975e+2 6.33641e-1
3.00575e+2 6.15120e-1
3.20254e+2 5.96104e-1
3.31917e+2 5.80586e-1
3.49758e+2 5.66267e-1
3.60632e+2 5.52291e-1
3.79273e+2 5.37522e-1
3.91141e+2 5.23910e-1
4.09605e+2 5.12261e-1
4.22246e+2 4.97458e-1
4.39813e+2 4.84011e-1
4.50394e+2 4.71823e-1
4.68602e+2 4.60109e-1
4.80875e+2 4.48308e-1
4.99113e+2 4.37337e-1
5.11385e+2 4.26034e-1
5.29623e+2 4.15760e-1
5.41895e+2 4.04754e-1
5.60059e+2 3.95341e-1
5.70995e+2 3.85296e-1
5.89020e+2 3.76002e-1
6.02771e+2 3.65881e-1
6.21080e+2 3.57141e-1
6.31661e+2 3.48168e-1
6.52101e+2 3.42696e-1
6.70746e+2 3.37949e-1
6.91057e+2 3.33292e-1
7.10457e+2 3.28906e-1
7.31053e+2 3.24820e-1
7.48794e+2 3.24019e-1
7.69505e+2 3.21940e-1
7.89260e+2 3.21471e-1
8.09013e+2 3.18708e-1
8.28767e+2 3.17902e-1
8.48520e+2 3.15660e-1
8.68274e+2 3.14222e-1
8.88028e+2 3.12603e-1
9.07783e+2 3.11477e-1
9.27538e+2 3.11061e-1
1.03173e+3 3.29597e-1
1.05149e+3 3.32400e-1
1.07125e+3 3.34546e-1
1.09101e+3 3.38240e-1
1.11077e+3 3.43244e-1
1.13053e+3 3.49031e-1
1.15030e+3 3.54365e-1
1.17006e+3 3.61807e-1
1.18983e+3 3.69760e-1
1.20959e+3 3.78792e-1
1.22936e+3 3.87072e-1
1.24912e+3 3.96385e-1
1.26986e+3 4.05261e-1
1.28596e+3 4.16721e-1
1.30369e+3 4.29271e-1
1.32101e+3 4.41827e-1
1.33898e+3 4.55812e-1
1.35696e+3 4.69423e-1
1.37493e+3 4.83126e-1
1.39290e+3 4.97302e-1
1.40997e+3 5.10684e-1
1.42705e+3 5.25300e-1
1.44233e+3 5.40241e-1
1.45760e+3 5.56826e-1
1.47288e+3 5.73731e-1
1.48816e+3 5.91539e-1
1.50344e+3 6.09399e-1
1.51782e+3 6.26663e-1
1.53220e+3 6.44735e-1
1.54658e+3 6.63110e-1
1.56096e+3 6.82345e-1
1.57534e+3 7.01561e-1
1.58972e+3 7.22030e-1
1.60410e+3 7.42363e-1
1.61848e+3 7.63897e-1
1.63484e+3 7.87244e-1
1.64634e+3 8.09284e-1
1.65965e+3 8.34240e-1
1.67115e+3 8.57483e-1
1.68535e+3 8.85903e-1
1.69608e+3 9.11398e-1
1.71052e+3 9.39777e-1
1.72275e+3 9.64530e-1
1.73264e+3 9.90857e-1
4.29336e+1 9.97805e-1
9.57461e+2 3.10202e-1
9.84105e+2 3.19962e-1
1.00392e+3 3.26420e-1
