# m4 (MeV) Utau4^2
# Brdar, Mir & Xu, arXiv:2608.19319, Fig. 4 (constraint_90CL_majo.pdf)
# HNL decays to e+e- in the Sun vs SOHO data; Majorana, 90% CL
# Closed contour, digitised from the vector path in the PDF and stored in
# traced order. The excluded region runs off the top of the figure
# (ylim = 0.7): both ends stop at Utau4^2 = 0.76949, the highest contour
# vertex shown, so the region closes along a horizontal edge there.
1.05201e+00 7.69488e-01
1.05648e+00 6.01597e-01
1.06148e+00 4.70337e-01
1.07096e+00 3.67716e-01
1.10757e+00 2.87486e-01
1.23335e+00 2.24761e-01
1.25318e+00 2.17712e-01
1.27998e+00 1.75721e-01
1.32185e+00 1.37381e-01
1.44380e+00 1.07407e-01
1.48336e+00 1.01044e-01
1.54582e+00 8.39719e-02
1.71354e+00 6.58208e-02
1.71476e+00 6.56504e-02
1.84404e+00 5.13265e-02
1.94372e+00 4.52865e-02
2.00458e+00 4.01278e-02
2.17390e+00 3.22080e-02
2.18749e+00 3.13724e-02
2.34815e+00 2.45274e-02
2.40408e+00 2.29728e-02
2.52876e+00 1.91759e-02
2.63426e+00 1.70453e-02
2.73252e+00 1.49920e-02
2.86444e+00 1.30047e-02
2.97234e+00 1.17209e-02
3.09462e+00 1.04614e-02
3.26177e+00 9.16360e-03
3.32479e+00 8.69919e-03
3.55497e+00 7.32984e-03
3.59028e+00 7.16423e-03
3.78515e+00 6.19661e-03
3.98751e+00 5.60110e-03
4.01533e+00 5.50714e-03
4.24551e+00 4.80281e-03
4.47569e+00 4.38477e-03
4.47946e+00 4.37902e-03
4.70587e+00 3.94019e-03
4.93605e+00 3.64823e-03
5.16623e+00 3.44446e-03
5.19826e+00 3.42358e-03
5.39641e+00 3.24619e-03
5.62659e+00 3.10056e-03
5.85677e+00 3.01567e-03
6.08695e+00 2.97900e-03
6.31713e+00 2.98681e-03
6.54731e+00 3.04318e-03
6.77749e+00 3.15673e-03
7.00767e+00 3.34015e-03
7.08764e+00 3.42358e-03
7.23785e+00 3.57197e-03
7.46803e+00 3.87381e-03
7.69821e+00 4.28390e-03
7.74547e+00 4.37902e-03
7.92839e+00 4.74972e-03
8.15857e+00 5.35983e-03
8.23683e+00 5.60110e-03
8.38875e+00 6.10577e-03
8.61893e+00 7.12077e-03
8.62791e+00 7.16423e-03
8.84911e+00 8.44966e-03
8.94790e+00 9.16360e-03
9.07929e+00 1.04313e-02
9.19430e+00 1.17209e-02
9.30947e+00 1.37309e-02
9.37759e+00 1.49920e-02
9.50499e+00 1.91759e-02
9.53965e+00 2.16485e-02
9.58681e+00 2.45274e-02
9.62843e+00 3.13724e-02
9.62661e+00 4.01278e-02
9.58389e+00 5.13265e-02
9.53965e+00 5.84396e-02
9.51402e+00 6.56504e-02
9.43070e+00 8.39719e-02
9.30947e+00 1.03823e-01
9.29602e+00 1.07407e-01
9.17423e+00 1.37381e-01
9.07929e+00 1.57156e-01
9.01951e+00 1.75721e-01
8.84911e+00 2.19316e-01
8.83457e+00 2.24761e-01
8.65936e+00 2.87486e-01
8.61893e+00 3.02550e-01
8.48679e+00 3.67716e-01
8.38875e+00 4.13817e-01
8.29685e+00 4.70337e-01
8.15857e+00 5.52754e-01
8.09550e+00 6.01597e-01
7.92839e+00 7.28230e-01
7.88642e+00 7.69488e-01
